CandidateRepo,FrequencyInFinal30,PctOfAnchors,IsMagnet
keras-team/keras,12,60.0,True
Lightning-AI/pytorch-lightning,11,55.0,True
JaidedAI/EasyOCR,9,45.0,False
streamlit/streamlit,8,40.0,True
CorentinJ/Real-Time-Voice-Cloning,7,35.0,False
d2l-ai/d2l-zh,7,35.0,True
eriklindernoren/ML-From-Scratch,7,35.0,True
gradio-app/gradio,7,35.0,True
recommenders-team/recommenders,7,35.0,True
voxel51/fiftyone,7,35.0,False
explosion/spaCy,6,30.0,True
autogluon/autogluon,5,25.0,False
onnx/onnx,5,25.0,False
piskvorky/gensim,5,25.0,False
pyg-team/pytorch_geometric,5,25.0,False
pytorch/pytorch,5,25.0,True
roboflow/supervision,5,25.0,True
tflearn/tflearn,5,25.0,False
unit8co/darts,5,25.0,False
wandb/wandb,5,25.0,False
Comfy-Org/ComfyUI,4,20.0,False
Data-Centric-AI-Community/fg-data-profiling,4,20.0,False
babysor/MockingBird,4,20.0,False
deezer/spleeter,4,20.0,False
flwrlabs/flower,4,20.0,False
google-deepmind/sonnet,4,20.0,False
kornia/kornia,4,20.0,False
lucidrains/DALLE2-pytorch,4,20.0,False
lucidrains/denoising-diffusion-pytorch,4,20.0,False
stanfordnlp/stanza,4,20.0,False
ultralytics/yolov5,4,20.0,False
yzhao062/pyod,4,20.0,False
WZMIAOMIAO/deep-learning-for-image-processing,3,15.0,False
WenjieDu/PyPOTS,3,15.0,False
deepspeedai/DeepSpeed,3,15.0,True
google/langextract,3,15.0,False
lucidrains/imagen-pytorch,3,15.0,False
microsoft/qlib,3,15.0,True
sepandhaghighi/pycm,3,15.0,False
ultralytics/ultralytics,3,15.0,False
2noise/ChatTTS,2,10.0,False
BerriAI/litellm,2,10.0,False
Minqi824/ADBench,2,10.0,False
NannyML/nannyml,2,10.0,False
OlafenwaMoses/ImageAI,2,10.0,False
TencentARC/GFPGAN,2,10.0,False
TransformerOptimus/SuperAGI,2,10.0,False
apache/tvm,2,10.0,False
arc53/DocsGPT,2,10.0,False
arogozhnikov/einops,2,10.0,False
browser-use/browser-use,2,10.0,False
deepcam-cn/yolov5-face,2,10.0,False
deepinsight/insightface,2,10.0,False
edtechre/pybroker,2,10.0,False
google/magika,2,10.0,False
hpcaitech/ColossalAI,2,10.0,False
jacobgil/pytorch-grad-cam,2,10.0,False
ludwig-ai/ludwig,2,10.0,False
microsoft/JARVIS,2,10.0,False
nidhaloff/igel,2,10.0,False
reflex-dev/reflex,2,10.0,False
rohitg00/ai-engineering-from-scratch,2,10.0,False
run-llama/llama_index,2,10.0,False
scikit-learn/scikit-learn,2,10.0,True
serengil/deepface,2,10.0,False
sgl-project/sglang,2,10.0,False
tirth8205/code-review-graph,2,10.0,False
usestrix/strix,2,10.0,False
vllm-project/vllm,2,10.0,False
xorbitsai/inference,2,10.0,False
0x4m4/hexstrike-ai,1,5.0,False
1adrianb/face-alignment,1,5.0,False
4uiiurz1/keras-arcface,1,5.0,False
AI4Finance-Foundation/ElegantRL,1,5.0,False
AIGC-Audio/AudioGPT,1,5.0,False
AkiRusProd/numpy-nn-model,1,5.0,False
Alibaba-NLP/DeepResearch,1,5.0,False
Avaiga/taipy,1,5.0,False
BasPH/data-pipelines-with-apache-airflow,1,5.0,False
BlinkDL/RWKV-LM,1,5.0,False
CLUEbenchmark/CLUEDatasetSearch,1,5.0,False
Cadene/pretrained-models.pytorch,1,5.0,False
Canner/WrenAI,1,5.0,False
Chainlit/chainlit,1,5.0,False
CryptoSignal/Crypto-Signal,1,5.0,False
DA-southampton/NLP_ability,1,5.0,False
DLR-RM/stable-baselines3,1,5.0,False
DLTK/DLTK,1,5.0,False
Daniil-Osokin/lightweight-human-pose-estimation.pytorch,1,5.0,False
DanilBaibak/ml-in-production,1,5.0,False
DaoCloud/DaoCloud-docs,1,5.0,False
DeepVAC/deepvac,1,5.0,False
DuaneNielsen/DeepInfomaxPytorch,1,5.0,False
DuyNguDao/Identity-Action,1,5.0,False
ELS-RD/transformer-deploy,1,5.0,False
EverMind-AI/EverOS,1,5.0,False
Farama-Foundation/Gymnasium,1,5.0,False
Flame-Code-VLM/Flame-Code-VLM,1,5.0,False
Fosowl/agenticSeek,1,5.0,False
FoundationAgents/MetaGPT,1,5.0,False
FreedomIntelligence/TextClassificationBenchmark,1,5.0,False
FunAudioLLM/Fun-ASR,1,5.0,False
GabrielDornelles/pytorch-ocr,1,5.0,False
GradientHQ/parallax,1,5.0,False
HKUDS/LightRAG,1,5.0,False
HKUDS/OpenHarness,1,5.0,False
HKUDS/RAG-Anything,1,5.0,False
HKUDS/Vibe-Trading,1,5.0,False
Heerozh/spectre,1,5.0,False
Helsinki-NLP/Opus-MT,1,5.0,False
Hironsan/BossSensor,1,5.0,False
IBM/unitxt,1,5.0,False
IgorSusmelj/pytorch-styleguide,1,5.0,False
Imbad0202/academic-research-skills,1,5.0,False
InterDigitalInc/CompressAI,1,5.0,False
JerBouma/FinanceToolkit,1,5.0,False
Jittor/jittor,1,5.0,False
LambdaLabsML/distributed-training-guide,1,5.0,False
Lasagne/Lasagne,1,5.0,False
Lightning-AI/litgpt,1,5.0,False
Linzaer/Ultra-Light-Fast-Generic-Face-Detector-1MB,1,5.0,False
Maluuba/nlg-eval,1,5.0,False
Matteo-Ferrara/gex-tracker,1,5.0,False
Megvii-BaseDetection/YOLOX,1,5.0,False
Michalos88/Quant-Projects,1,5.0,False
ModelTC/LightCompress,1,5.0,False
NVIDIA-Merlin/NVTabular,1,5.0,False
NVIDIA/TensorRT-LLM,1,5.0,False
Netflix/metaflow,1,5.0,False
Nota-NetsPresso/BK-SDM,1,5.0,False
OpenBMB/UltraRAG,1,5.0,False
OpenBMB/VoxCPM,1,5.0,False
OpenMOSS/CoLLiE,1,5.0,False
OpenRLHF/OpenRLHF,1,5.0,False
OpenSPG/KAG,1,5.0,False
PINTO0309/HeadPoseEstimation-WHENet-yolov4-onnx-openvino,1,5.0,False
PINTO0309/PINTO_model_zoo,1,5.0,False
PaddlePaddle/PaddleDetection,1,5.0,False
PaddlePaddle/Research,1,5.0,False
Panniantong/Agent-Reach,1,5.0,False
PennyLaneAI/pennylane,1,5.0,False
PeterH0323/Smart_Construction,1,5.0,False
PeterL1n/RobustVideoMatting,1,5.0,False
PrefectHQ/fastmcp,1,5.0,False
ROCm/Tensile,1,5.0,False
RangiLyu/nanodet,1,5.0,False
Renovamen/Speech-Emotion-Recognition,1,5.0,False
RomelTorres/alpha_vantage,1,5.0,False
SYSTRAN/faster-whisper,1,5.0,False
Sanster/text_renderer,1,5.0,False
ScrapeGraphAI/Scrapegraph-ai,1,5.0,False
Seeed-Studio/ModelAssistant,1,5.0,False
ShangtongZhang/reinforcement-learning-an-introduction,1,5.0,False
Sharpiless/Yolov5-Deepsort,1,5.0,False
ShoufaChen/DiffusionDet,1,5.0,False
TachibanaYoshino/AnimeGAN,1,5.0,False
TachibanaYoshino/AnimeGANv3,1,5.0,False
Tencent/AngelSlim,1,5.0,False
Tianxiaomo/pytorch-YOLOv4,1,5.0,False
Tomiinek/MultiWOZ_Evaluation,1,5.0,False
UFAL-DSG/tgen,1,5.0,False
Unbabel/COMET,1,5.0,False
Upsonic/Upsonic,1,5.0,False
ValueCell-ai/valuecell,1,5.0,False
WangQvQ/YOLOMagic,1,5.0,False
Xiaoccer/MobileFaceNet_Pytorch,1,5.0,False
YaoFANGUK/video-subtitle-extractor,1,5.0,False
YunYang1994/tensorflow-yolov3,1,5.0,False
Zeyi-Lin/HivisionIDPhotos,1,5.0,False
ZhengyaoJiang/PGPortfolio,1,5.0,False
abdulfatir/twitter-sentiment-analysis,1,5.0,False
abhishek-ch/around-dataengineering,1,5.0,False
adobe-research/convmelspec,1,5.0,False
aeon-toolkit/aeon,1,5.0,False
agentscope-ai/agentscope,1,5.0,False
agno-agi/agno,1,5.0,False
ahmetgunduz/Real-time-GesRec,1,5.0,False
akfamily/akshare,1,5.0,False
akirasosa/mobile-semantic-segmentation,1,5.0,False
aladdinpersson/Machine-Learning-Collection,1,5.0,False
alanchn31/Movalytics-Data-Warehouse,1,5.0,False
aleju/imgaug,1,5.0,False
aliasrobotics/cai,1,5.0,False
alibaba/EasyParallelLibrary,1,5.0,False
annoviko/pyclustering,1,5.0,False
ansible/ansible,1,5.0,False
antonior92/ecg-age-prediction,1,5.0,False
apify/crawlee-python,1,5.0,False
apple/coremltools,1,5.0,False
argoproj/argo-workflows,1,5.0,False
asavinov/intelligent-trading-bot,1,5.0,False
astronomer/astronomer-cosmos,1,5.0,False
astronomer/dag-factory,1,5.0,False
asyml/texar,1,5.0,False
asyml/texar-pytorch,1,5.0,False
augmentedstartups/AS-One,1,5.0,False
autodistill/autodistill,1,5.0,False
ayooshkathuria/pytorch-yolo-v3,1,5.0,False
behnamyazdan/ecommerce_realtime_data_pipeline,1,5.0,False
bentoml/BentoML,1,5.0,False
binance/binance-skills-hub,1,5.0,False
boyac/pyOptionPricing,1,5.0,False
brokermr810/QuantDinger,1,5.0,False
budzianowski/multiwoz,1,5.0,False
camel-ai/camel,1,5.0,False
camel-ai/owl,1,5.0,False
caoscott/SReC,1,5.0,False
cfzd/Ultra-Fast-Lane-Detection,1,5.0,False
chainer/chainer,1,5.0,False
cheahjs/free-llm-api-resources,1,5.0,False
chubin/rate.sx,1,5.0,False
chunyuanY/Dialogue,1,5.0,False
clovaai/donut,1,5.0,False
coding-kitties/investing-algorithm-framework,1,5.0,False
constverum/Quantdom,1,5.0,False
couler-proj/couler,1,5.0,False
cuemacro/finmarketpy,1,5.0,False
curiousily/Deploy-BERT-for-Sentiment-Analysis-with-FastAPI,1,5.0,False
cvqluu/Angular-Penalty-Softmax-Losses-Pytorch,1,5.0,False
cylnlp/dialogsum,1,5.0,False
dagster-io/dagster,1,5.0,False
damklis/DataEngineeringProject,1,5.0,False
databricks/spark-deep-learning,1,5.0,False
datacamp/viewflow,1,5.0,False
datawhalechina/all-in-rag,1,5.0,False
dbolya/yolact,1,5.0,False
dbrojas/optlib,1,5.0,False
ddbourgin/numpy-ml,1,5.0,False
deepfakes/faceswap,1,5.0,False
deeppavlov/DeepPavlov,1,5.0,False
eduardoleao052/Autograd-from-scratch,1,5.0,False
elyra-ai/elyra,1,5.0,False
emcie-co/parlant,1,5.0,False
emedvedev/attention-ocr,1,5.0,False
eriklindernoren/PyTorch-GAN,1,5.0,False
espnet/espnet,1,5.0,False
feast-dev/feast,1,5.0,False
federicomariamassari/financial-engineering,1,5.0,False
filipradenovic/cnnimageretrieval-pytorch,1,5.0,False
flairNLP/flair,1,5.0,False
freqtrade/freqtrade,1,5.0,False
freqtrade/freqtrade-strategies,1,5.0,False
frgfm/torch-cam,1,5.0,False
frotms/PaddleOCR2Pytorch,1,5.0,False
gasparian/PicsArtHack-binary-segmentation,1,5.0,False
getzep/graphiti,1,5.0,False
google-deepmind/acme,1,5.0,False
google/gin-config,1,5.0,False
google/tf-quant-finance,1,5.0,False
gpustack/gpustack,1,5.0,False
great-expectations/great_expectations,1,5.0,False
hankcs/HanLP,1,5.0,False
he-yufeng/CoreCoder,1,5.0,False
helmholtz-analytics/heat,1,5.0,False
hiyouga/EasyR1,1,5.0,False
hiyouga/LlamaFactory,1,5.0,False
hongbo-miao/hongbomiao.com,1,5.0,False
hplt-project/sacremoses,1,5.0,False
hsliuping/TradingAgents-CN,1,5.0,False
hudson-and-thames/mlfinlab,1,5.0,False
huggingface/accelerate,1,5.0,False
huggingface/datasets,1,5.0,False
huggingface/diffusers,1,5.0,False
huggingface/pytorch-pretrained-BigGAN,1,5.0,False
ictnlp/StreamSpeech,1,5.0,False
idanya/algo-trader,1,5.0,False
ipython/ipython,1,5.0,False
iusztinpaul/energy-forecasting,1,5.0,False
jadore801120/attention-is-all-you-need-pytorch,1,5.0,False
jasonwu0731/ToD-BERT,1,5.0,False
jasonwu0731/trade-dst,1,5.0,False
jessevig/bertviz,1,5.0,False
jfainberg/self_dialogue_corpus,1,5.0,False
jiesutd/NCRFpp,1,5.0,False
jkbrzt/cointrol,1,5.0,False
junyanz/pytorch-CycleGAN-and-pix2pix,1,5.0,False
kakaobrain/fast-autoaugment,1,5.0,False
kamo-naoyuki/pytorch_convolutional_rnn,1,5.0,False
katanaml/sparrow,1,5.0,False
kedro-org/kedro,1,5.0,False
kernc/backtesting.py,1,5.0,False
kwai/DouZero,1,5.0,False
kyegomez/swarms,1,5.0,False
langchain-ai/deepagents,1,5.0,False
langchain-ai/langgraph,1,5.0,False
lastmile-ai/mcp-agent,1,5.0,False
leptonai/leptonai,1,5.0,False
letta-ai/letta,1,5.0,False
lightaime/deep_gcns_torch,1,5.0,False
lightseekorg/tokenspeed,1,5.0,False
lss233/kirara-ai,1,5.0,False
lucidrains/vit-pytorch,1,5.0,False
lukaszbinden/pediatric-bone-age-prediction,1,5.0,False
lutzroeder/netron,1,5.0,False
magicleap/SuperGluePretrainedNetwork,1,5.0,False
mara/mara-pipelines,1,5.0,False
mars-project/mars,1,5.0,False
matplotlib/matplotlib,1,5.0,False
matterport/Mask_RCNN,1,5.0,False
mdbloice/Augmentor,1,5.0,False
meta-pytorch/torchrec,1,5.0,False
microsoft/Bringing-Old-Photos-Back-to-Life,1,5.0,False
microsoft/LoRA,1,5.0,False
microsoft/MMdnn,1,5.0,False
microsoft/agent-lightning,1,5.0,False
microsoft/hummingbird,1,5.0,False
microsoft/promptflow,1,5.0,False
mit-han-lab/gan-compression,1,5.0,False
mit-han-lab/hardware-aware-transformers,1,5.0,False
mlfoundations/open_clip,1,5.0,False
mwaskom/seaborn,1,5.0,False
nabla-ml/nabla,1,5.0,False
nchammas/flintrock,1,5.0,False
nebuly-ai/optimate,1,5.0,False
neuml/txtai,1,5.0,False
nickliqian/cnn_captcha,1,5.0,False
nl8590687/ASRT_SpeechRecognition,1,5.0,False
nlpxucan/WizardLM,1,5.0,False
nltk/nltk,1,5.0,False
norse/norse,1,5.0,False
notAI-tech/NudeNet,1,5.0,False
omnuron/omniclaw,1,5.0,False
onyx-dot-app/onyx,1,5.0,False
open-mmlab/mmocr,1,5.0,False
open-mmlab/mmyolo,1,5.0,False
openai/baselines,1,5.0,False
openai/chatgpt-retrieval-plugin,1,5.0,False
openai/openai-agents-python,1,5.0,False
openai/spinningup,1,5.0,False
oreilly-japan/deep-learning-from-scratch-3,1,5.0,False
orobix/Prototypical-Networks-for-Few-shot-Learning-PyTorch,1,5.0,False
pandas-dev/pandas,1,5.0,False
persiannlp/parsinlu,1,5.0,False
pipeline-tools/gusty,1,5.0,False
plotly/dash,1,5.0,False
pranftw/neograd,1,5.0,False
probabl-ai/skore,1,5.0,False
pyro-ppl/funsor,1,5.0,False
python-telegram-bot/python-telegram-bot,1,5.0,False
python-visualization/folium,1,5.0,False
qualcomm/aimet,1,5.0,False
quantopian/zipline,1,5.0,False
quantsbin/Quantsbin,1,5.0,False
qubvel-org/segmentation_models.pytorch,1,5.0,False
raga-ai-hub/RagaAI-Catalyst,1,5.0,False
ranaroussi/quantstats,1,5.0,False
raullenchai/Rapid-MLX,1,5.0,False
rio-labs/rio,1,5.0,False
ris-tlp/audiophile-e2e-pipeline,1,5.0,False
robertmartin8/MachineLearningStocks,1,5.0,False
romanz/trezor-agent,1,5.0,False
rsennrich/Bleualign,1,5.0,False
rsokl/MyGrad,1,5.0,False
run-llama/llama_deploy,1,5.0,False
san089/Udacity-Data-Engineering-Projects,1,5.0,False
san089/goodreads_etl_pipeline,1,5.0,False
scikit-learn-contrib/imbalanced-learn,1,5.0,False
shareAI-lab/learn-claude-code,1,5.0,False
shashankvemuri/Finance,1,5.0,False
shawnwun/NNDIAL,1,5.0,False
shawnwun/RNNLG,1,5.0,False
sinaptik-ai/pandas-ai,1,5.0,False
sktime/pytorch-forecasting,1,5.0,False
skywalker023/prosocial-dialog,1,5.0,False
sloria/TextBlob,1,5.0,False
speechbrain/speechbrain,1,5.0,False
spesmilo/electrum,1,5.0,False
srvk/how2-dataset,1,5.0,False
stanford-oval/storm,1,5.0,False
sunlabuiuc/PyHealth,1,5.0,False
teamclairvoyant/airflow-maintenance-dags,1,5.0,False
tensorflow/compression,1,5.0,False
tensorflow/model-optimization,1,5.0,False
tensorlayer/TensorLayer,1,5.0,False
tensorly/tensorly,1,5.0,False
tensortrade-org/tensortrade,1,5.0,False
thammegowda/mtdata,1,5.0,False
tinyvision/DAMO-YOLO,1,5.0,False
titu1994/LSTM-FCN,1,5.0,False
torchpipe/torchpipe,1,5.0,False
trannhatnguyen2/NYC_Taxi_Data_Pipeline,1,5.0,False
triton-inference-server/pytriton,1,5.0,False
triton-inference-server/server,1,5.0,False
tukuaiai/tradecat-public,1,5.0,False
tylerebowers/Schwabdev,1,5.0,False
unifyai/ivy,1,5.0,False
unslothai/unsloth,1,5.0,False
vi3k6i5/flashtext,1,5.0,False
vibrantlabsai/ragas,1,5.0,False
vietnh1009/QuickDraw,1,5.0,False
vladmandic/sdnext,1,5.0,False
we0091234/Chinese_license_plate_detection_recognition,1,5.0,False
wkentaro/labelme,1,5.0,False
wujiyang/Face_Pytorch,1,5.0,False
xinntao/Real-ESRGAN,1,5.0,False
xmu-xiaoma666/External-Attention-pytorch,1,5.0,False
xtekky/gpt4free,1,5.0,False
yanshengjia/ml-road,1,5.0,False
yasinkuyu/binance-trader,1,5.0,False
yeyupiaoling/VoiceprintRecognition-Pytorch,1,5.0,False
zai-org/Open-AutoGLM,1,5.0,False
zenml-io/zenml,1,5.0,False
zhusleep/pytorch_chinese_lm_pretrain,1,5.0,False
zilliztech/deep-searcher,1,5.0,False
zvtvz/zvt,1,5.0,False
